n
3.04
75293967.64
98 3 20
98 37 29
98 10 23
98 75 3
98 14 27
98 47 3
98 99 13
98 57 4
3 99 5
3 10 28
3 75 11
3 14 10
3 47 1
3 57 16
3 29 1
37 99 13
37 10 21
37 75 21
37 47 23
37 57 17
37 29 7
10 75 6
10 14 12
10 47 27
10 99 15
10 29 12
75 14 28
75 47 13
75 99 17
75 57 11
75 29 30
14 47 6
14 99 27
14 57 30
14 29 18
47 99 6
47 57 17
47 29 10
99 57 25
57 29 22
M
2.44
58151695.79
32 1 1
32 73 11
32 77 13
32 16 18
32 55 13
32 88 7
32 26 18
1 36 2
1 73 6
1 55 10
1 88 7
1 26 2
36 7 18
36 73 25
36 77 19
36 16 5
36 55 20
36 88 30
36 26 1
7 73 11
7 77 24
7 16 16
7 55 24
7 88 15
7 26 23
73 77 21
73 16 22
73 55 2
73 88 7
73 26 30
77 16 21
77 55 13
77 88 5
77 26 14
16 55 3
16 88 13
16 26 1
55 88 17
55 26 2
88 26 14
m
2.03
76616967.33
99 54 7
99 75 5
99 12 18
99 83 17
99 84 24
99 22 8
99 93 26
22 39 22
22 75 21
22 12 17
22 80 21
22 83 6
22 84 10
22 54 17
22 93 19
39 54 25
39 75 5
39 12 5
39 80 8
39 84 7
39 93 28
75 54 21
75 12 16
75 84 12
75 93 9
12 80 28
12 83 7
12 84 4
12 54 20
12 93 1
80 54 13
80 83 26
80 84 28
80 93 28
83 54 13
83 84 6
83 93 13
84 54 9
84 93 26
54 93 24
O
2.59
7626195.21
97 3 28
97 4 5
97 12 24
97 91 13
97 54 20
97 59 10
97 28 18
97 29 15
97 63 6
3 91 27
3 4 7
3 12 4
3 54 16
3 59 28
3 28 14
3 29 7
3 63 3
4 12 1
4 91 14
4 54 24
4 59 13
4 28 10
4 29 27
4 63 24
12 91 30
12 59 16
12 28 14
12 29 21
91 54 18
91 59 25
91 28 6
91 29 16
91 63 10
54 59 19
54 28 6
54 29 8
54 63 19
28 29 25
28 63 3
29 63 26
t
2.9
53711281.81
96 33 27
96 42 4
96 75 4
96 17 23
96 52 26
96 87 4
96 26 21
96 93 28
33 68 8
33 42 28
33 75 13
33 17 29
33 52 22
33 87 6
33 93 25
68 42 9
68 75 10
68 17 3
68 52 5
68 87 28
68 26 30
68 93 22
42 75 19
42 17 23
42 52 16
42 87 3
42 26 10
42 93 12
75 17 26
75 52 9
75 87 12
75 26 23
75 93 26
17 87 30
17 93 23
52 87 11
52 26 23
52 93 16
87 26 19
26 93 21